0 0.3645181655883789
1 5.028007507324219
2 8.028146982192993
3 12.027834415435791
4 14.027735233306885
5 17.027469635009766
6 18.02766752243042
7 21.027202367782593
8 23.027212142944336
9 27.026828289031982
10 28.02650260925293
11 33.026684045791626
12 36.02615427970886
13 40.0260808467865
14 42.02605104446411
15 45.02568602561951
16 46.025750160217285
17 49.02544355392456
18 51.02569317817688
19 55.025408029556274
20 56.025376081466675
21 61.02491283416748
22 64.0247712135315
23 68.02470850944519
24 70.0244300365448
25 73.0239610671997
26 74.02435326576233
27 77.02397131919861
28 79.02417421340942
29 83.02343845367432
30 84.02379059791565
31 89.02331209182739
32 92.02286314964294
33 96.0230119228363
34 98.02270531654358
35 101.02241349220276
36 102.02282691001892
37 105.02229952812195
38 107.02229642868042
39 111.02210402488708
40 112.02202987670898
41 117.02162790298462
42 120.02138423919678
43 124.02118253707886
44 126.02110981941223
45 129.02116632461548
46 130.02092623710632
47 133.02100348472595
48 135.02077436447144
49 139.02052855491638
50 140.0201539993286
51 145.0199317932129
52 148.02004837989807
53 152.01964139938354
54 154.0193064212799
55 157.0194149017334
56 158.01936960220337
57 161.0190510749817
58 163.0191888809204
59 167.01883840560913
60 168.01898217201233
61 173.0183801651001
62 176.0182750225067
63 180.01835441589355
64 182.01800847053528
65 185.0180263519287
66 186.01786947250366
67 189.0176453590393
68 191.01761984825134
69 195.01704859733582
70 196.01711058616638
71 201.0169174671173
72 204.03338193893433
73 208.01649117469788
74 210.0332751274109
75 213.03297638893127
76 214.03287076950073
77 217.0328724384308
78 219.0325207710266
79 223.0324409008026
80 224.0324456691742
81 229.03205919265747
82 232.03173398971558
83 236.0314860343933
84 238.031676530838
85 241.03139781951904
86 242.03096413612366
87 245.03089594841003
88 247.03084588050842
89 251.0307478904724
90 252.03068900108337
91 257.03018498420715
92 260.0301790237427
93 264.0299575328827
94 266.02993535995483
95 269.0298409461975
96 270.02980613708496
97 273.029855966568
98 275.0292925834656
99 279.0291037559509
100 280.0291066169739
101 285.0288391113281
102 288.0286502838135
103 292.0281777381897
104 294.0281095504761
105 297.02795147895813
106 298.0278298854828